1.837651E1	-2.737525E-1	-1.483723E-2
1.839317E1	-2.704381E-1	-1.539091E-2
1.840982E1	-2.667544E-1	-1.537198E-2
1.842648E1	-2.620158E-1	-1.553793E-2
1.844313E1	-2.566376E-1	-1.575471E-2
1.845979E1	-2.501400E-1	-1.535680E-2
1.847644E1	-2.418699E-1	-1.537531E-2
1.849310E1	-2.330062E-1	-1.531316E-2
1.850976E1	-2.234806E-1	-1.542327E-2
1.852641E1	-2.131846E-1	-1.560439E-2
1.854307E1	-2.028362E-1	-1.520982E-2
1.855983E1	-1.913503E-1	-1.562140E-2
1.857649E1	-1.793086E-1	-1.521570E-2
1.859314E1	-1.668203E-1	-1.500568E-2
1.860980E1	-1.534797E-1	-1.490187E-2
1.862646E1	-1.392826E-1	-1.488811E-2
1.864311E1	-1.258299E-1	-1.456805E-2
1.865977E1	-1.118043E-1	-1.480750E-2
1.867642E1	-9.709278E-2	-1.429424E-2
1.869308E1	-8.231413E-2	-1.417778E-2
1.870973E1	-6.718188E-2	-1.384816E-2
1.872639E1	-5.087672E-2	-1.374413E-2
1.874304E1	-3.650814E-2	-1.317688E-2
1.875970E1	-2.076475E-2	-1.295192E-2
1.877636E1	-4.973071E-3	-1.261187E-2
1.879301E1	9.929454E-3	-1.252198E-2
1.880967E1	2.504727E-2	-1.215794E-2
1.882632E1	4.069109E-2	-1.189397E-2
1.884298E1	5.470555E-2	-1.150621E-2
1.885963E1	6.838820E-2	-1.127787E-2
1.887629E1	8.373475E-2	-1.113139E-2
1.889294E1	9.706334E-2	-1.062183E-2
1.890960E1	1.099738E-1	-1.062828E-2
1.892637E1	1.228934E-1	-1.007528E-2
1.894302E1	1.349551E-1	-9.958322E-3
1.895968E1	1.467954E-1	-9.952198E-3
1.897633E1	1.587710E-1	-8.922868E-3
1.899299E1	1.685055E-1	-7.411417E-3
1.900964E1	1.777285E-1	-6.599287E-3
1.902630E1	1.877735E-1	-6.165653E-3
1.904296E1	1.961906E-1	-5.787571E-3
1.905961E1	2.039556E-1	-5.716640E-3
1.907627E1	2.113405E-1	-5.164577E-3
1.909292E1	2.168297E-1	-4.726444E-3
1.910958E1	2.212166E-1	-4.758889E-3
1.912623E1	2.248207E-1	-5.030075E-3
1.914289E1	2.282068E-1	-5.060956E-3
1.915954E1	2.307275E-1	-5.249071E-3
1.917620E1	2.330407E-1	-4.954519E-3
1.919286E1	2.334837E-1	-5.048235E-3
1.920951E1	2.330929E-1	-5.355107E-3
1.922617E1	2.323948E-1	-5.720297E-3
1.924282E1	2.312053E-1	-5.941963E-3
1.925948E1	2.287997E-1	-5.664742E-3
1.927624E1	2.248873E-1	-5.795637E-3
1.929290E1	2.204383E-1	-6.073416E-3
1.930956E1	2.154025E-1	-6.358397E-3
1.932621E1	2.096438E-1	-6.906456E-3
1.934287E1	2.033837E-1	-6.740438E-3
1.935952E1	1.961284E-1	-7.289330E-3
1.937618E1	1.883276E-1	-7.387489E-3
1.939283E1	1.802059E-1	-7.582215E-3
1.940949E1	1.710451E-1	-7.942161E-3
1.942614E1	1.607979E-1	-8.190175E-3
1.944280E1	1.509329E-1	-8.023217E-3
1.945946E1	1.398371E-1	-8.264408E-3
1.947611E1	1.279803E-1	-8.442657E-3
1.949277E1	1.164403E-1	-8.291694E-3
1.950942E1	1.051583E-1	-8.829567E-3
1.952608E1	9.199740E-2	-9.008245E-3
1.954273E1	7.940687E-2	-8.935504E-3
1.955939E1	6.602625E-2	-9.528497E-3
1.957604E1	5.205477E-2	-9.244574E-3
1.959270E1	3.898603E-2	-9.214504E-3
1.960936E1	2.583881E-2	-9.499106E-3
1.962601E1	1.137358E-2	-9.304165E-3
1.964267E1	-1.391223E-3	-9.536245E-3
1.965932E1	-1.459798E-2	-9.745867E-3
1.967598E1	-2.881303E-2	-9.927726E-3
1.969274E1	-4.260737E-2	-1.000867E-2
1.970940E1	-5.618910E-2	-1.001129E-2
1.972606E1	-7.043203E-2	-9.906435E-3
1.974271E1	-8.289534E-2	-9.975626E-3
1.975937E1	-9.580203E-2	-1.007776E-2
1.977602E1	-1.089031E-1	-1.007035E-2
1.979268E1	-1.204098E-1	-9.652607E-3
1.980933E1	-1.310465E-1	-1.020614E-2
1.982599E1	-1.432755E-1	-1.022544E-2
1.984264E1	-1.537126E-1	-9.991830E-3
1.985930E1	-1.634837E-1	-9.907016E-3
1.987596E1	-1.729546E-1	-9.789321E-3
1.989261E1	-1.805966E-1	-9.928431E-3
1.990927E1	-1.884313E-1	-1.024602E-2
1.992592E1	-1.962698E-1	-1.032107E-2
1.994258E1	-2.025829E-1	-1.001318E-2
1.995923E1	-2.087869E-1	-1.075929E-2
1.997589E1	-2.144919E-1	-1.033969E-2
1.999254E1	-2.189511E-1	-1.050676E-2
2.000920E1	-2.227704E-1	-1.082618E-2
2.002597E1	-2.263261E-1	-1.103647E-2
2.004262E1	-2.283215E-1	-1.047463E-2
2.005928E1	-2.291460E-1	-1.032593E-2
2.007593E1	-2.289276E-1	-1.045320E-2
2.009259E1	-2.283627E-1	-1.055784E-2
2.010924E1	-2.272185E-1	-1.090885E-2
2.012590E1	-2.249630E-1	-1.038049E-2
2.014256E1	-2.216003E-1	-1.115508E-2
2.015921E1	-2.187826E-1	-1.094144E-2
2.017587E1	-2.141859E-1	-1.100097E-2
2.019252E1	-2.093446E-1	-1.120684E-2
2.020918E1	-2.035342E-1	-1.068617E-2
2.022583E1	-1.962309E-1	-1.142469E-2
2.024249E1	-1.890429E-1	-1.085252E-2
2.025914E1	-1.810545E-1	-1.063302E-2
2.027580E1	-1.715325E-1	-1.111781E-2
2.029246E1	-1.622404E-1	-1.101516E-2
2.030911E1	-1.529905E-1	-1.097998E-2
2.032577E1	-1.420880E-1	-1.028719E-2
2.034242E1	-1.309915E-1	-1.056582E-2
2.035908E1	-1.202809E-1	-1.012865E-2
2.037584E1	-1.080277E-1	-1.040390E-2
2.039250E1	-9.692158E-2	-1.025013E-2
2.040916E1	-8.499652E-2	-9.893436E-3
2.042581E1	-7.163961E-2	-9.621866E-3
2.044247E1	-5.926601E-2	-9.648768E-3
2.045912E1	-4.761178E-2	-9.494025E-3
2.047578E1	-3.471681E-2	-9.317588E-3
2.049243E1	-2.223345E-2	-9.010573E-3
2.050909E1	-9.604467E-3	-8.871888E-3
2.052574E1	3.694845E-3	-8.653160E-3
2.054240E1	1.661649E-2	-8.419241E-3
2.055906E1	2.843930E-2	-8.326984E-3
2.057571E1	4.049645E-2	-8.051011E-3
2.059237E1	5.204670E-2	-7.695219E-3
2.060902E1	6.344568E-2	-7.509289E-3
2.062568E1	7.470684E-2	-7.410362E-3
2.064233E1	8.561852E-2	-7.203044E-3
2.065899E1	9.662927E-2	-6.808157E-3
2.067564E1	1.075501E-1	-6.712184E-3
2.069230E1	1.178220E-1	-6.513304E-3
2.070896E1	1.268497E-1	-6.405202E-3
2.072561E1	1.360002E-1	-6.064377E-3
2.074227E1	1.443888E-1	-5.680287E-3
2.075903E1	1.519897E-1	-6.003163E-3
2.077569E1	1.595692E-1	-5.529235E-3
2.079234E1	1.657971E-1	-5.725696E-3
2.080900E1	1.713806E-1	-5.540005E-3
2.082566E1	1.767006E-1	-5.435721E-3
2.084231E1	1.804971E-1	-5.536439E-3
2.085897E1	1.843837E-1	-5.763099E-3
2.087562E1	1.877466E-1	-5.806787E-3
2.089228E1	1.899613E-1	-5.480592E-3
2.090893E1	1.916539E-1	-5.937431E-3
2.092559E1	1.929242E-1	-5.815461E-3
2.094224E1	1.931281E-1	-5.965248E-3
2.095890E1	1.929693E-1	-6.148184E-3
2.097556E1	1.921565E-1	-6.358160E-3
2.099221E1	1.905660E-1	-5.955246E-3
2.100887E1	1.878725E-1	-6.500855E-3
2.102552E1	1.846590E-1	-6.410459E-3
2.104218E1	1.805549E-1	-6.584957E-3
2.105883E1	1.760168E-1	-6.776089E-3
2.107549E1	1.709514E-1	-7.223346E-3
2.109214E1	1.656437E-1	-7.236079E-3
2.110880E1	1.593969E-1	-7.122037E-3
2.112546E1	1.519041E-1	-7.653110E-3
2.114211E1	1.451245E-1	-7.729823E-3
2.115888E1	1.372514E-1	-7.927242E-3
2.117553E1	1.282022E-1	-8.090703E-3
2.119219E1	1.191067E-1	-7.950567E-3
2.120884E1	1.101509E-1	-8.020253E-3
2.122550E1	1.002079E-1	-8.711401E-3
2.124216E1	9.042109E-2	-8.433551E-3
2.125881E1	8.101595E-2	-8.680698E-3
2.127547E1	6.935444E-2	-8.828406E-3
2.129212E1	5.857108E-2	-8.802358E-3
2.130878E1	4.765009E-2	-9.258378E-3
2.132543E1	3.621513E-2	-9.288665E-3
2.134209E1	2.491610E-2	-9.447878E-3
2.135874E1	1.422914E-2	-9.560850E-3
2.137540E1	1.756799E-3	-9.441008E-3
2.139206E1	-9.953673E-3	-9.533443E-3
2.140871E1	-2.076771E-2	-9.781964E-3
2.142537E1	-3.294179E-2	-9.926766E-3
2.144202E1	-4.434451E-2	-9.786305E-3
2.145868E1	-5.522114E-2	-1.003925E-2
2.147544E1	-6.658259E-2	-9.738276E-3
2.149210E1	-7.731079E-2	-9.883816E-3
2.150876E1	-8.746265E-2	-9.864539E-3
2.152541E1	-9.778603E-2	-9.899536E-3
2.154207E1	-1.069080E-1	-9.677275E-3
2.155872E1	-1.149269E-1	-9.802150E-3
2.157538E1	-1.235494E-1	-9.808824E-3
2.159203E1	-1.318096E-1	-9.954076E-3
2.160869E1	-1.395135E-1	-1.019903E-2
2.162534E1	-1.476586E-1	-1.037819E-2
2.164200E1	-1.547690E-1	-9.841285E-3
2.165866E1	-1.610198E-1	-1.049416E-2
2.167531E1	-1.668780E-1	-1.013500E-2
2.169197E1	-1.719727E-1	-9.970675E-3
2.170862E1	-1.758050E-1	-1.008709E-2
2.172528E1	-1.799112E-1	-1.034676E-2
2.174193E1	-1.833242E-1	-1.074157E-2
2.175859E1	-1.860988E-1	-9.887612E-3
2.177524E1	-1.874648E-1	-1.074148E-2
2.179190E1	-1.888422E-1	-1.020285E-2
2.180856E1	-1.890707E-1	-1.028319E-2
2.182521E1	-1.888315E-1	-1.038108E-2
2.184187E1	-1.883672E-1	-1.056107E-2
2.185863E1	-1.872506E-1	-1.102437E-2
2.187529E1	-1.850787E-1	-1.033133E-2
2.189194E1	-1.820589E-1	-1.108134E-2
2.190860E1	-1.795209E-1	-1.068322E-2
2.192526E1	-1.752381E-1	-1.057596E-2
2.194191E1	-1.706831E-1	-1.070381E-2
2.195857E1	-1.657955E-1	-1.071207E-2
2.197522E1	-1.601429E-1	-1.083935E-2
2.199188E1	-1.538945E-1	-1.044111E-2
2.200853E1	-1.473089E-1	-1.073328E-2
2.202519E1	-1.400810E-1	-1.045408E-2
2.204184E1	-1.320104E-1	-1.017658E-2
2.205850E1	-1.236624E-1	-1.019229E-2
2.207516E1	-1.148389E-1	-1.005247E-2
2.209181E1	-1.054275E-1	-1.015539E-2
2.210847E1	-9.652968E-2	-1.014884E-2
2.212512E1	-8.675529E-2	-1.004826E-2
2.214178E1	-7.692604E-2	-9.868106E-3
2.215843E1	-6.793955E-2	-9.493194E-3
2.217509E1	-5.670460E-2	-9.487586E-3
2.219174E1	-4.599334E-2	-9.139089E-3
2.220840E1	-3.550672E-2	-9.040722E-3
2.222506E1	-2.510434E-2	-9.163688E-3
2.224171E1	-1.436602E-2	-8.808663E-3
2.225848E1	-4.230995E-3	-8.693709E-3
2.227513E1	6.464969E-3	-8.576763E-3
2.229179E1	1.648605E-2	-8.209266E-3
2.230844E1	2.635050E-2	-8.256111E-3
2.232510E1	3.627913E-2	-8.348718E-3
2.234176E1	4.612614E-2	-7.722143E-3
2.235841E1	5.601708E-2	-7.845641E-3
2.237507E1	6.562339E-2	-7.614152E-3
2.239172E1	7.478306E-2	-7.449907E-3
2.240838E1	8.318105E-2	-7.220259E-3
2.242503E1	9.180398E-2	-7.211409E-3
2.244169E1	1.001564E-1	-6.782102E-3
2.245834E1	1.074073E-1	-6.886990E-3
2.247500E1	1.148469E-1	-6.421935E-3
2.249166E1	1.214689E-1	-6.506830E-3
2.250831E1	1.273767E-1	-6.495380E-3
2.252497E1	1.326706E-1	-6.169320E-3
2.254162E1	1.372974E-1	-6.003312E-3
2.255828E1	1.412082E-1	-6.011489E-3
2.257493E1	1.452380E-1	-6.276186E-3
2.259159E1	1.486594E-1	-6.348638E-3
2.260836E1	1.517460E-1	-6.382562E-3
2.262501E1	1.541653E-1	-6.018674E-3
2.264167E1	1.562887E-1	-6.429127E-3
2.265832E1	1.578664E-1	-6.257872E-3
2.267498E1	1.580812E-1	-6.360886E-3
2.269163E1	1.580107E-1	-6.484992E-3
2.270829E1	1.576875E-1	-6.663858E-3
2.272494E1	1.569359E-1	-6.840442E-3
2.274160E1	1.548275E-1	-6.417549E-3
2.275826E1	1.526349E-1	-6.909689E-3
2.277491E1	1.496532E-1	-6.838473E-3
2.279157E1	1.460446E-1	-6.845507E-3
2.280822E1	1.419251E-1	-6.856963E-3
2.282488E1	1.368062E-1	-7.162159E-3
2.284153E1	1.316483E-1	-7.559224E-3
2.285819E1	1.267295E-1	-7.736228E-3
2.287484E1	1.210014E-1	-7.879724E-3
2.289150E1	1.147201E-1	-7.749389E-3
2.290816E1	1.087364E-1	-7.988667E-3
2.292481E1	1.014362E-1	-8.112522E-3
2.294147E1	9.350054E-2	-7.970029E-3
2.295823E1	8.585401E-2	-8.307937E-3
2.297489E1	7.826822E-2	-8.390581E-3
2.299154E1	6.986526E-2	-8.558237E-3
2.300820E1	6.177057E-2	-8.618821E-3
2.302486E1	5.255908E-2	-9.065403E-3
2.304151E1	4.347938E-2	-9.046236E-3
2.305817E1	3.488074E-2	-8.993822E-3
2.307482E1	2.602939E-2	-9.140075E-3
2.309148E1	1.649841E-2	-9.229897E-3
2.310813E1	8.003124E-3	-9.241755E-3
2.312479E1	-1.715674E-3	-9.405295E-3
2.314144E1	-1.113607E-2	-9.656843E-3
2.315810E1	-2.089499E-2	-9.798071E-3
2.317476E1	-3.043478E-2	-9.833302E-3
2.319141E1	-3.994403E-2	-9.702452E-3
2.320807E1	-4.823400E-2	-9.736474E-3
2.322472E1	-5.702335E-2	-9.937548E-3
2.324138E1	-6.605253E-2	-9.719792E-3
2.325803E1	-7.411351E-2	-9.859364E-3
2.327469E1	-8.261993E-2	-9.988794E-3
2.329134E1	-9.097877E-2	-1.008078E-2
2.330800E1	-9.850518E-2	-9.558693E-3
2.332466E1	-1.050096E-1	-1.016739E-2
2.334131E1	-1.122829E-1	-1.033154E-2
2.335808E1	-1.183423E-1	-9.974237E-3
2.337473E1	-1.243807E-1	-9.577117E-3
2.339139E1	-1.296700E-1	-1.037762E-2
2.340804E1	-1.352337E-1	-1.024294E-2
2.342470E1	-1.398841E-1	-1.029538E-2
2.344136E1	-1.444377E-1	-1.026804E-2
2.345801E1	-1.478735E-1	-1.049337E-2
2.347467E1	-1.511177E-1	-9.612668E-3
2.349132E1	-1.530245E-1	-1.035332E-2
2.350798E1	-1.546798E-1	-9.869095E-3
2.352463E1	-1.558424E-1	-1.063605E-2
2.354129E1	-1.571298E-1	-1.053005E-2
2.355794E1	-1.574188E-1	-1.042195E-2
2.357460E1	-1.574216E-1	-1.040875E-2
2.359126E1	-1.566539E-1	-1.062116E-2
2.360791E1	-1.552399E-1	-9.990340E-3
2.362457E1	-1.529566E-1	-1.041482E-2
2.364122E1	-1.499503E-1	-9.911087E-3
2.365788E1	-1.468479E-1	-1.052438E-2
2.367453E1	-1.442681E-1	-1.034682E-2
2.369119E1	-1.397808E-1	-1.028868E-2
2.370796E1	-1.355870E-1	-1.019604E-2
2.372461E1	-1.308631E-1	-1.024358E-2
2.374127E1	-1.252930E-1	-1.044021E-2
2.375792E1	-1.197606E-1	-9.912499E-3
2.377458E1	-1.133640E-1	-1.004226E-2
2.379123E1	-1.064342E-1	-9.802555E-3
2.380789E1	-9.958766E-2	-9.949944E-3
2.382454E1	-9.244675E-2	-9.796207E-3
2.384120E1	-8.427332E-2	-9.585068E-3
2.385786E1	-7.668055E-2	-9.313178E-3
2.387451E1	-6.835848E-2	-9.656363E-3
2.389117E1	-6.031834E-2	-9.519824E-3
2.390782E1	-5.250984E-2	-9.317093E-3
2.392448E1	-4.415718E-2	-9.295420E-3
2.394113E1	-3.510809E-2	-9.188662E-3
2.395779E1	-2.669744E-2	-8.939954E-3
2.397444E1	-1.810810E-2	-8.981305E-3
2.399110E1	-8.968000E-3	-8.904730E-3
2.400776E1	-3.399116E-4	-8.578383E-3
2.402441E1	8.233063E-3	-8.588517E-3
2.404107E1	1.723681E-2	-8.368805E-3
2.405772E1	2.558973E-2	-8.236781E-3
2.407438E1	3.358700E-2	-8.336478E-3
2.409114E1	4.225848E-2	-7.968012E-3
2.410780E1	5.006596E-2	-7.689540E-3
2.412446E1	5.695009E-2	-7.696953E-3
2.414111E1	6.475283E-2	-7.758620E-3
2.415777E1	7.121155E-2	-7.291399E-3
2.417442E1	7.780734E-2	-7.376069E-3
2.419108E1	8.446101E-2	-6.982513E-3
2.420773E1	9.025271E-2	-7.202134E-3
2.422439E1	9.610860E-2	-6.978564E-3
2.424104E1	1.015243E-1	-6.567044E-3
2.425770E1	1.057338E-1	-6.736142E-3
2.427436E1	1.100478E-1	-6.687195E-3
2.429101E1	1.140172E-1	-6.814879E-3
2.430767E1	1.177471E-1	-6.960239E-3
2.432432E1	1.207624E-1	-6.944483E-3
2.434098E1	1.236051E-1	-6.346745E-3
2.435763E1	1.258913E-1	-6.805324E-3
2.437429E1	1.275471E-1	-6.634180E-3
2.439094E1	1.284246E-1	-6.538275E-3
2.440760E1	1.289781E-1	-6.529498E-3
2.442426E1	1.284805E-1	-6.629086E-3
2.444091E1	1.278285E-1	-6.798698E-3
2.445757E1	1.269896E-1	-7.015843E-3
2.447422E1	1.261793E-1	-7.162553E-3
2.449099E1	1.249494E-1	-7.322655E-3
2.450764E1	1.231063E-1	-7.007020E-3
2.452430E1	1.209088E-1	-7.362978E-3
2.454096E1	1.182774E-1	-7.403637E-3
2.455761E1	1.147326E-1	-7.267612E-3
2.457427E1	1.105195E-1	-7.322752E-3
2.459092E1	1.058097E-1	-7.476471E-3
2.460758E1	1.012024E-1	-7.625102E-3
2.462423E1	9.635080E-2	-7.900505E-3
2.464089E1	9.110026E-2	-8.125054E-3
2.465754E1	8.567421E-2	-8.065766E-3
2.467420E1	8.014931E-2	-8.161727E-3
2.469086E1	7.356426E-2	-8.387586E-3
2.470751E1	6.699551E-2	-8.239093E-3
2.472417E1	6.048378E-2	-8.555521E-3
2.474082E1	5.307573E-2	-8.559889E-3
2.475748E1	4.619325E-2	-8.647004E-3
2.477413E1	3.952520E-2	-8.749100E-3
2.479079E1	3.140570E-2	-8.962258E-3
2.480744E1	2.394439E-2	-9.126836E-3
2.482410E1	1.634547E-2	-9.243582E-3
2.484087E1	8.552303E-3	-9.278132E-3
2.485752E1	6.703940E-4	-9.374288E-3
2.487418E1	-7.203234E-3	-9.475385E-3
2.489083E1	-1.561014E-2	-9.787209E-3
2.490749E1	-2.348392E-2	-9.631423E-3
2.492414E1	-3.048610E-2	-9.861916E-3
2.494080E1	-3.846518E-2	-9.883433E-3
2.495746E1	-4.545509E-2	-9.492362E-3
2.497411E1	-5.223700E-2	-9.865964E-3
2.499077E1	-5.988023E-2	-9.864137E-3
2.500742E1	-6.641692E-2	-9.756320E-3
2.502408E1	-7.308544E-2	-1.010840E-2
2.504073E1	-7.979363E-2	-9.769299E-3
2.505739E1	-8.530572E-2	-9.482990E-3
2.507404E1	-9.029485E-2	-1.019314E-2
2.509070E1	-9.646501E-2	-9.946949E-3
2.510736E1	-1.010740E-1	-9.902769E-3
2.512401E1	-1.054331E-1	-9.920153E-3
2.514067E1	-1.097449E-1	-9.925127E-3
2.515732E1	-1.135674E-1	-1.004385E-2
2.517398E1	-1.173384E-1	-1.024479E-2
2.519063E1	-1.209712E-1	-1.030942E-2
2.520729E1	-1.234587E-1	-9.820320E-3
2.522406E1	-1.259059E-1	-1.025027E-2
2.524071E1	-1.278332E-1	-9.910384E-3
2.525737E1	-1.285742E-1	-9.721781E-3
2.527402E1	-1.290009E-1	-9.626004E-3
2.529068E1	-1.284830E-1	-9.691464E-3
2.530733E1	-1.279577E-1	-9.790387E-3
2.532399E1	-1.274473E-1	-9.860932E-3
2.534064E1	-1.264959E-1	-1.019781E-2
2.535730E1	-1.255705E-1	-1.037437E-2
2.537396E1	-1.239137E-1	-9.680762E-3
2.539061E1	-1.211501E-1	-1.026538E-2
2.540727E1	-1.188581E-1	-9.850172E-3
2.542392E1	-1.158916E-1	-9.649462E-3
2.544058E1	-1.119351E-1	-1.025405E-2
2.545723E1	-1.085878E-1	-1.008372E-2
2.547389E1	-1.047806E-1	-9.967210E-3
2.549054E1	-1.002894E-1	-9.926145E-3
2.550720E1	-9.583388E-2	-9.987543E-3
2.552386E1	-9.079966E-2	-9.821056E-3
2.554051E1	-8.506265E-2	-9.481189E-3
2.555717E1	-7.882421E-2	-9.664960E-3
2.557382E1	-7.324733E-2	-9.699369E-3
2.559048E1	-6.657055E-2	-9.448228E-3
2.560713E1	-6.013979E-2	-9.399503E-3
2.562390E1	-5.380207E-2	-9.201288E-3
2.564056E1	-4.677143E-2	-9.375383E-3
2.565721E1	-4.026028E-2	-9.195993E-3
2.567387E1	-3.352223E-2	-9.217654E-3
2.569052E1	-2.642428E-2	-9.020897E-3
2.570718E1	-1.902967E-2	-8.757985E-3
2.572383E1	-1.227564E-2	-8.759145E-3
2.574049E1	-5.001735E-3	-8.676948E-3
2.575714E1	2.440756E-3	-8.575759E-3
2.577380E1	9.373811E-3	-8.287230E-3
2.579046E1	1.675069E-2	-8.339803E-3
2.580711E1	2.310204E-2	-8.228204E-3
2.582377E1	2.956180E-2	-8.177531E-3
2.584042E1	3.600416E-2	-8.038162E-3
2.585708E1	4.255715E-2	-8.059020E-3
2.587373E1	4.849157E-2	-7.760362E-3
2.589039E1	5.389888E-2	-7.639916E-3
2.590704E1	5.979363E-2	-7.771250E-3
2.592370E1	6.531631E-2	-7.591147E-3
2.594036E1	7.029071E-2	-7.310350E-3
2.595701E1	7.512890E-2	-7.280730E-3
2.597367E1	7.913494E-2	-7.287263E-3
2.599032E1	8.349297E-2	-7.308840E-3
2.600709E1	8.727017E-2	-7.255588E-3
2.602374E1	9.117498E-2	-7.419562E-3
2.604040E1	9.409101E-2	-6.756927E-3
2.605706E1	9.620415E-2	-7.011953E-3
2.607371E1	9.896132E-2	-7.235243E-3
2.609037E1	1.012922E-1	-6.784686E-3
2.610702E1	1.025581E-1	-6.682622E-3
2.612368E1	1.032295E-1	-7.127487E-3
2.614033E1	1.046588E-1	-7.158885E-3
2.615699E1	1.051067E-1	-7.116067E-3
2.617364E1	1.051595E-1	-7.136061E-3
2.619030E1	1.051065E-1	-7.200135E-3
2.620696E1	1.044374E-1	-7.339697E-3
2.622361E1	1.035879E-1	-7.445825E-3
2.624027E1	1.021066E-1	-7.059909E-3
2.625692E1	1.000971E-1	-7.463705E-3
2.627358E1	9.757321E-2	-7.275517E-3
2.629023E1	9.503776E-2	-7.566135E-3
2.630689E1	9.220787E-2	-7.529852E-3
2.632354E1	8.854890E-2	-7.547914E-3
2.634020E1	8.447751E-2	-7.601613E-3
2.635686E1	7.993723E-2	-7.833722E-3
2.637351E1	7.546040E-2	-7.868522E-3
2.639028E1	7.054460E-2	-8.004823E-3
2.640693E1	6.578990E-2	-8.102849E-3
2.642359E1	6.108414E-2	-8.277605E-3
2.644024E1	5.597888E-2	-8.540676E-3
2.645690E1	5.077027E-2	-8.545274E-3
2.647356E1	4.582460E-2	-8.674893E-3
2.649021E1	3.929888E-2	-8.750265E-3
2.650687E1	3.353037E-2	-9.031005E-3
2.652352E1	2.788952E-2	-8.848328E-3
2.654018E1	2.144004E-2	-9.190108E-3
2.655683E1	1.490018E-2	-9.206719E-3
2.657349E1	8.505272E-3	-9.195446E-3
2.659014E1	1.944451E-3	-9.321951E-3
2.660680E1	-5.117903E-3	-9.458369E-3
2.662346E1	-1.044988E-2	-9.329011E-3
2.664011E1	-1.687390E-2	-9.617627E-3
2.665677E1	-2.310744E-2	-9.560793E-3
2.667342E1	-2.886179E-2	-9.771970E-3
2.669008E1	-3.531672E-2	-9.647227E-3
2.670673E1	-4.156566E-2	-9.421381E-3
2.672350E1	-4.634157E-2	-9.863074E-3
2.674016E1	-5.268438E-2	-9.755994E-3
2.675681E1	-5.789824E-2	-9.598319E-3
2.677347E1	-6.258222E-2	-9.435908E-3
2.679012E1	-6.770697E-2	-9.484810E-3
2.680678E1	-7.168987E-2	-9.414622E-3
2.682343E1	-7.557215E-2	-9.587635E-3
2.684009E1	-7.949779E-2	-9.638389E-3
2.685674E1	-8.359782E-2	-9.678222E-3
2.687340E1	-8.713801E-2	-9.908845E-3
2.689006E1	-9.070833E-2	-1.021734E-2
2.690671E1	-9.434737E-2	-1.026735E-2
2.692337E1	-9.738194E-2	-9.669129E-3
2.694002E1	-9.957883E-2	-1.029206E-2
2.695668E1	-1.019155E-1	-9.689761E-3
2.697333E1	-1.033798E-1	-1.031768E-2
2.698999E1	-1.050570E-1	-1.004187E-2
2.700664E1	-1.059064E-1	-9.697564E-3
2.702330E1	-1.057427E-1	-9.719651E-3
2.703996E1	-1.056962E-1	-9.701720E-3
2.705661E1	-1.055292E-1	-9.747554E-3
2.707338E1	-1.050674E-1	-9.839917E-3
2.709003E1	-1.042950E-1	-1.010441E-2
2.710669E1	-1.032500E-1	-1.026078E-2
2.712334E1	-1.017266E-1	-9.567722E-3
2.714000E1	-9.974988E-2	-1.004545E-2
2.715666E1	-9.733748E-2	-9.621779E-3
2.717331E1	-9.489168E-2	-1.001210E-2
2.718997E1	-9.195909E-2	-9.784460E-3
2.720662E1	-8.839882E-2	-9.557876E-3
2.722328E1	-8.463367E-2	-9.379310E-3
2.723993E1	-8.008935E-2	-9.309876E-3
2.725659E1	-7.539110E-2	-9.385174E-3
2.727324E1	-7.075038E-2	-9.361781E-3
2.728990E1	-6.611786E-2	-9.374146E-3
2.730656E1	-6.086562E-2	-9.473359E-3
2.732321E1	-5.628285E-2	-9.484300E-3
2.733987E1	-5.151313E-2	-9.516202E-3
2.735652E1	-4.635150E-2	-9.287440E-3
2.737318E1	-4.185910E-2	-9.255090E-3
2.738983E1	-3.660415E-2	-8.982801E-3
2.740649E1	-3.041982E-2	-9.078271E-3
2.742314E1	-2.522077E-2	-8.979161E-3
2.743980E1	-1.953023E-2	-8.826888E-3
2.745657E1	-1.301577E-2	-8.809131E-3
2.747322E1	-7.686452E-3	-8.624495E-3
2.748988E1	-2.153661E-3	-8.605668E-3
2.750653E1	4.519308E-3	-8.528899E-3
2.752319E1	9.799047E-3	-8.358368E-3
2.753984E1	1.471331E-2	-8.410772E-3
2.755650E1	2.042555E-2	-8.350219E-3
2.757316E1	2.607578E-2	-8.128668E-3
2.758981E1	3.089395E-2	-8.060535E-3
2.760647E1	3.606501E-2	-8.152043E-3
2.762312E1	4.035480E-2	-8.080981E-3
2.763978E1	4.459354E-2	-7.988338E-3
2.765643E1	4.886602E-2	-7.919699E-3
2.767309E1	5.307016E-2	-7.832137E-3
2.768974E1	5.699817E-2	-7.750811E-3
2.770640E1	6.097237E-2	-7.807865E-3
2.772306E1	6.473730E-2	-7.678217E-3
2.773971E1	6.833879E-2	-7.743194E-3
2.775637E1	7.181689E-2	-7.148241E-3
2.777302E1	7.406213E-2	-7.390517E-3
2.778968E1	7.639816E-2	-6.911630E-3
2.780633E1	7.815030E-2	-7.356493E-3
2.782299E1	8.002158E-2	-7.080713E-3
2.783964E1	8.131045E-2	-7.539449E-3
2.785641E1	8.312657E-2	-7.314386E-3
2.787307E1	8.381331E-2	-7.115694E-3
2.788972E1	8.391526E-2	-7.138450E-3
2.790638E1	8.376286E-2	-7.281447E-3
2.792303E1	8.363999E-2	-7.368275E-3
2.793969E1	8.342409E-2	-7.428661E-3
2.795634E1	8.265596E-2	-7.600750E-3
2.797300E1	8.219257E-2	-7.673797E-3
2.798966E1	8.115749E-2	-7.807101E-3
2.800631E1	7.927057E-2	-7.594363E-3
2.802297E1	7.760782E-2	-7.781589E-3
2.803962E1	7.536324E-2	-7.579848E-3
2.805628E1	7.289690E-2	-8.010805E-3
2.807293E1	7.015626E-2	-7.889306E-3
2.808959E1	6.677083E-2	-7.724789E-3
2.810624E1	6.281957E-2	-7.733319E-3
2.812290E1	5.935897E-2	-8.318915E-3
2.813956E1	5.639334E-2	-8.251581E-3
2.815621E1	5.233621E-2	-8.337984E-3
2.817298E1	4.824740E-2	-8.285780E-3
2.818963E1	4.384911E-2	-8.398425E-3
2.820629E1	3.927879E-2	-8.542873E-3
2.822294E1	3.477946E-2	-8.688101E-3
2.823960E1	3.021229E-2	-8.819540E-3
2.825626E1	2.536952E-2	-8.915823E-3
2.827291E1	2.072259E-2	-9.001881E-3
2.828957E1	1.601042E-2	-8.885541E-3
2.830622E1	1.096676E-2	-8.919504E-3
2.832288E1	6.474404E-3	-9.348201E-3
2.833953E1	5.474743E-4	-9.483903E-3
2.835619E1	-5.043646E-3	-9.393865E-3
2.837284E1	-9.814201E-3	-9.198888E-3
2.838950E1	-1.424287E-2	-9.279810E-3
2.840616E1	-1.933298E-2	-9.309543E-3
2.842281E1	-2.326494E-2	-9.226215E-3
2.843947E1	-2.803337E-2	-9.169317E-3
2.845612E1	-3.278696E-2	-9.041800E-3
2.847278E1	-3.665536E-2	-9.009485E-3
2.848943E1	-4.044779E-2	-9.135965E-3
2.850609E1	-4.484690E-2	-9.069391E-3
2.852274E1	-4.843155E-2	-9.236655E-3
2.853940E1	-5.268993E-2	-9.368736E-3
2.855606E1	-5.684505E-2	-9.552770E-3
2.857271E1	-6.054084E-2	-9.622869E-3
2.858948E1	-6.464859E-2	-9.695155E-3
2.860613E1	-6.827540E-2	-9.648605E-3
2.862279E1	-7.144711E-2	-9.300189E-3
2.863944E1	-7.394928E-2	-9.746251E-3
2.865610E1	-7.653688E-2	-9.235959E-3
2.867276E1	-7.817658E-2	-9.676482E-3
2.868941E1	-7.981211E-2	-9.297809E-3
2.870607E1	-8.178184E-2	-9.865210E-3
2.872272E1	-8.325116E-2	-9.691606E-3
2.873938E1	-8.374230E-2	-9.604075E-3
2.875603E1	-8.431413E-2	-9.452539E-3
2.877269E1	-8.401396E-2	-9.445122E-3
2.878934E1	-8.382799E-2	-9.433939E-3
2.880600E1	-8.350897E-2	-9.472618E-3
2.882266E1	-8.314891E-2	-9.624018E-3
2.883931E1	-8.261249E-2	-9.651770E-3
2.885597E1	-8.172910E-2	-9.659560E-3
2.887262E1	-7.991227E-2	-9.290037E-3
2.888928E1	-7.834928E-2	-9.502369E-3
2.890593E1	-7.610621E-2	-9.253833E-3
2.892259E1	-7.377390E-2	-9.426817E-3
2.893924E1	-7.092127E-2	-9.096948E-3
2.895590E1	-6.799660E-2	-9.504782E-3
2.897256E1	-6.567820E-2	-9.354123E-3
2.898932E1	-6.210795E-2	-9.236801E-3
2.900598E1	-5.819808E-2	-9.254545E-3
2.902263E1	-5.419916E-2	-9.128935E-3
2.903929E1	-5.001294E-2	-8.852089E-3
2.905594E1	-4.533990E-2	-8.927095E-3
2.907260E1	-4.054591E-2	-8.787087E-3
2.908926E1	-3.621090E-2	-8.742164E-3
2.910591E1	-3.133597E-2	-8.771473E-3
2.912257E1	-2.664260E-2	-8.723524E-3
2.913922E1	-2.233457E-2	-8.744496E-3
2.915588E1	-1.752810E-2	-8.758168E-3
2.917253E1	-1.293282E-2	-8.577066E-3
2.918919E1	-8.651773E-3	-8.534999E-3
2.920584E1	-3.751802E-3	-8.422892E-3
2.922250E1	4.636854E-4	-8.366823E-3
2.923916E1	4.698528E-3	-8.292096E-3
2.925581E1	9.153484E-3	-8.287691E-3
2.927247E1	1.359035E-2	-8.228508E-3
2.928912E1	1.771510E-2	-8.275701E-3
2.930578E1	2.215791E-2	-8.178636E-3
2.932243E1	2.641544E-2	-8.171458E-3
2.933920E1	3.062220E-2	-8.041853E-3
2.935586E1	3.471869E-2	-8.044599E-3
2.937251E1	3.882478E-2	-8.116769E-3
2.938917E1	4.285968E-2	-8.052830E-3
2.940582E1	4.674725E-2	-8.031041E-3
2.942248E1	5.019404E-2	-7.772375E-3
2.943913E1	5.252001E-2	-7.604872E-3
2.945579E1	5.586384E-2	-7.736156E-3
2.947244E1	5.860099E-2	-7.388412E-3
2.948910E1	6.067680E-2	-7.486275E-3
2.950576E1	6.320534E-2	-7.461114E-3
2.952241E1	6.461969E-2	-7.488039E-3
2.953907E1	6.640222E-2	-7.412098E-3
2.955572E1	6.826693E-2	-7.552153E-3
2.957238E1	6.990395E-2	-7.396121E-3
2.958903E1	7.059189E-2	-7.361351E-3
2.960569E1	7.109804E-2	-7.352992E-3
2.962234E1	7.108017E-2	-7.391335E-3
2.963900E1	7.079554E-2	-7.469477E-3
2.965566E1	7.058029E-2	-7.529909E-3
2.967231E1	7.038565E-2	-7.625274E-3
2.968897E1	6.995636E-2	-7.682488E-3
2.970562E1	6.917300E-2	-7.664505E-3
2.972239E1	6.831546E-2	-7.655308E-3
2.973904E1	6.746492E-2	-7.422480E-3
2.975570E1	6.543218E-2	-7.817994E-3
2.977236E1	6.335057E-2	-7.381735E-3
2.978901E1	6.109201E-2	-7.972777E-3
2.980567E1	5.844723E-2	-7.715722E-3
2.982232E1	5.582371E-2	-8.281302E-3
2.983898E1	5.314785E-2	-8.178690E-3
2.985563E1	4.972274E-2	-7.935944E-3
2.987229E1	4.673247E-2	-8.446285E-3
2.988894E1	4.392235E-2	-8.393617E-3
2.990560E1	4.029186E-2	-8.204353E-3
2.992226E1	3.610261E-2	-8.404566E-3
2.993891E1	3.243000E-2	-8.464444E-3
2.995557E1	2.771649E-2	-8.583449E-3
2.997222E1	2.363639E-2	-8.677244E-3
2.998888E1	1.894777E-2	-8.786458E-3
3.000553E1	1.451532E-2	-8.909549E-3
3.002219E1	9.562629E-3	-8.846698E-3
3.003884E1	5.298808E-3	-8.896709E-3
3.005550E1	4.967957E-4	-9.027406E-3
3.007216E1	-3.878512E-3	-9.132290E-3
3.008892E1	-8.206604E-3	-9.165387E-3
3.010558E1	-1.262599E-2	-9.144624E-3
3.012223E1	-1.714424E-2	-9.247363E-3
3.013889E1	-2.139369E-2	-9.385367E-3
3.015554E1	-2.579915E-2	-9.432761E-3
3.017220E1	-3.015302E-2	-9.363172E-3
3.018886E1	-3.413964E-2	-9.599784E-3
3.020551E1	-3.852383E-2	-9.489304E-3
3.022217E1	-4.272114E-2	-9.499995E-3
3.023882E1	-4.602012E-2	-9.495696E-3
3.025548E1	-4.861154E-2	-9.652966E-3
3.027213E1	-5.211782E-2	-9.825418E-3
3.028879E1	-5.573495E-2	-9.683227E-3
3.030544E1	-5.861452E-2	-9.519863E-3
3.032210E1	-6.107558E-2	-9.694398E-3
3.033876E1	-6.396521E-2	-9.742716E-3
3.035541E1	-6.637727E-2	-9.589281E-3
3.037207E1	-6.893357E-2	-9.626706E-3
3.038872E1	-7.064263E-2	-9.557355E-3
3.040538E1	-7.289952E-2	-9.675864E-3
3.042203E1	-7.464316E-2	-9.741225E-3
3.043880E1	-7.539463E-2	-9.517501E-3
3.045546E1	-7.624336E-2	-9.315668E-3
3.047211E1	-7.650521E-2	-9.293002E-3
3.048877E1	-7.608524E-2	-9.479487E-3
3.050542E1	-7.546521E-2	-9.506589E-3
3.052208E1	-7.500489E-2	-9.542470E-3
3.053873E1	-7.478396E-2	-9.558957E-3
3.055539E1	-7.445609E-2	-9.598528E-3
3.057204E1	-7.375871E-2	-9.736414E-3
3.058870E1	-7.325349E-2	-9.782558E-3
3.060536E1	-7.205227E-2	-9.323486E-3
3.062201E1	-7.005151E-2	-9.541127E-3
3.063867E1	-6.880646E-2	-9.699050E-3
3.065532E1	-6.654975E-2	-9.509603E-3
3.067198E1	-6.462631E-2	-9.604539E-3
3.068863E1	-6.221767E-2	-9.333468E-3
3.070529E1	-5.984394E-2	-9.569897E-3
3.072194E1	-5.712453E-2	-9.355349E-3
3.073860E1	-5.423224E-2	-9.321062E-3
3.075526E1	-5.115594E-2	-9.462744E-3
3.077191E1	-4.796612E-2	-9.252100E-3
3.078857E1	-4.467398E-2	-9.232188E-3
3.080522E1	-4.102782E-2	-9.105648E-3
3.082199E1	-3.736729E-2	-9.302354E-3
3.083864E1	-3.443016E-2	-9.046012E-3
3.085530E1	-3.084305E-2	-9.019142E-3
3.087196E1	-2.666747E-2	-8.897448E-3
3.088861E1	-2.263340E-2	-8.925378E-3
3.090527E1	-1.844583E-2	-8.825195E-3
3.092192E1	-1.398980E-2	-8.920031E-3
3.093858E1	-9.966569E-3	-8.939666E-3
3.095523E1	-5.736656E-3	-8.743059E-3
3.097189E1	-1.205517E-3	-8.591277E-3
3.098854E1	2.999228E-3	-8.472850E-3
3.100520E1	7.248435E-3	-8.367276E-3
3.102186E1	1.193745E-2	-8.317614E-3
3.103851E1	1.582710E-2	-8.320153E-3
3.105517E1	1.971964E-2	-8.309949E-3
3.107182E1	2.371381E-2	-8.235268E-3
3.108848E1	2.635087E-2	-8.017174E-3
3.110513E1	3.010414E-2	-8.030039E-3
3.112179E1	3.356188E-2	-8.254408E-3
3.113844E1	3.613957E-2	-8.077616E-3
3.115510E1	3.896769E-2	-7.985739E-3
3.117176E1	4.206694E-2	-8.093505E-3
3.118841E1	4.448077E-2	-7.753602E-3
3.120507E1	4.690003E-2	-7.924980E-3
3.122183E1	4.903936E-2	-7.674690E-3
3.123849E1	5.124051E-2	-7.827824E-3
3.125514E1	5.278334E-2	-7.599829E-3
3.127180E1	5.437180E-2	-7.571903E-3
3.128846E1	5.545835E-2	-7.878579E-3
3.130511E1	5.684630E-2	-7.588965E-3
3.132177E1	5.749805E-2	-7.511152E-3
3.133842E1	5.803314E-2	-7.533011E-3
3.135508E1	5.799266E-2	-7.561666E-3
3.137173E1	5.785457E-2	-7.608966E-3
3.138839E1	5.753418E-2	-7.715644E-3
3.140504E1	5.730136E-2	-7.817631E-3
3.142170E1	5.702137E-2	-7.841222E-3
3.143836E1	5.652089E-2	-7.894993E-3
3.145501E1	5.583339E-2	-7.888582E-3
3.147167E1	5.495570E-2	-7.934313E-3
3.148832E1	5.437415E-2	-7.647013E-3
3.150498E1	5.257518E-2	-7.941607E-3
3.152163E1	5.070992E-2	-7.964766E-3
3.153829E1	4.971751E-2	-7.889948E-3
3.155494E1	4.718653E-2	-8.082745E-3
3.157160E1	4.513336E-2	-8.072411E-3
3.158826E1	4.261805E-2	-8.258027E-3
3.160491E1	4.042160E-2	-8.047603E-3
3.162157E1	3.699974E-2	-8.054576E-3
3.163822E1	3.415784E-2	-8.629217E-3
3.165488E1	3.130901E-2	-8.425776E-3
3.167164E1	2.794006E-2	-8.394112E-3
3.168830E1	2.450634E-2	-8.830797E-3
3.170496E1	2.200946E-2	-8.868165E-3
3.172161E1	1.836297E-2	-8.836393E-3
3.173827E1	1.453834E-2	-8.860666E-3
3.175492E1	1.070512E-2	-8.818988E-3
3.177158E1	6.987596E-3	-9.285922E-3
3.178823E1	3.940011E-3	-9.189107E-3
3.180489E1	5.345745E-4	-9.152781E-3
3.182154E1	-3.720976E-3	-9.166553E-3
3.183820E1	-7.208489E-3	-9.356392E-3
3.185486E1	-1.094915E-2	-9.400687E-3
3.187151E1	-1.363503E-2	-9.329595E-3
3.188817E1	-1.718585E-2	-9.354716E-3
3.190482E1	-2.085251E-2	-9.469455E-3
3.192148E1	-2.471631E-2	-9.559868E-3
3.193813E1	-2.760457E-2	-9.508590E-3
3.195479E1	-3.067450E-2	-9.566774E-3
3.197144E1	-3.403125E-2	-9.560889E-3
3.198810E1	-3.710482E-2	-9.448063E-3
3.200476E1	-3.933605E-2	-9.798074E-3
3.202141E1	-4.242157E-2	-9.700028E-3
3.203818E1	-4.451729E-2	-9.605753E-3
3.205483E1	-4.708473E-2	-9.705313E-3
3.207149E1	-4.935397E-2	-9.527953E-3
3.208814E1	-5.163730E-2	-9.727601E-3
3.210480E1	-5.323319E-2	-9.564500E-3
3.212146E1	-5.542584E-2	-9.800313E-3
3.213811E1	-5.703103E-2	-9.614595E-3
3.215477E1	-5.789794E-2	-9.500608E-3
3.217142E1	-5.919646E-2	-9.228655E-3
3.218808E1	-5.991111E-2	-9.780989E-3
3.220473E1	-6.089134E-2	-9.646441E-3
3.222139E1	-6.136067E-2	-9.583364E-3
3.223804E1	-6.158787E-2	-9.514122E-3
3.225470E1	-6.164124E-2	-9.506687E-3
3.227136E1	-6.153193E-2	-9.492572E-3
3.228801E1	-6.137623E-2	-9.475961E-3
3.230467E1	-6.113582E-2	-9.526035E-3
3.232132E1	-6.058908E-2	-9.601617E-3
3.233798E1	-6.004008E-2	-9.654001E-3
3.235463E1	-5.920673E-2	-9.646816E-3
3.237129E1	-5.794063E-2	-9.364260E-3
3.238806E1	-5.661234E-2	-9.360249E-3
3.240471E1	-5.528435E-2	-9.647136E-3
3.242137E1	-5.345260E-2	-9.382042E-3
3.243802E1	-5.158954E-2	-9.476720E-3
3.245468E1	-4.924513E-2	-9.215206E-3
3.247133E1	-4.699378E-2	-9.375342E-3
3.248799E1	-4.464135E-2	-9.200227E-3
3.250464E1	-4.229971E-2	-9.407761E-3
3.252130E1	-3.981852E-2	-9.136983E-3
3.253796E1	-3.642183E-2	-8.883840E-3
3.255461E1	-3.385600E-2	-9.145475E-3
3.257127E1	-3.096062E-2	-8.995325E-3
3.258792E1	-2.728611E-2	-9.009860E-3
3.260458E1	-2.470534E-2	-9.099014E-3
3.262123E1	-2.175334E-2	-8.967422E-3
3.263789E1	-1.831111E-2	-8.770048E-3
3.265454E1	-1.476606E-2	-8.867000E-3
3.267120E1	-1.147128E-2	-8.809994E-3
3.268786E1	-8.593332E-3	-8.590204E-3
3.270451E1	-5.371797E-3	-8.612093E-3
3.272117E1	-1.688666E-3	-8.590391E-3
3.273782E1	1.710711E-3	-8.525436E-3
3.275448E1	4.331315E-3	-8.481381E-3
3.277113E1	7.954520E-3	-8.684924E-3
3.278779E1	1.077533E-2	-8.465034E-3
3.280456E1	1.311310E-2	-8.342753E-3
3.282121E1	1.654944E-2	-8.528380E-3
3.283787E1	1.906373E-2	-8.256599E-3
3.285452E1	2.133438E-2	-8.328714E-3
3.287118E1	2.469475E-2	-8.572614E-3
3.288783E1	2.708521E-2	-8.145187E-3
3.290449E1	2.941998E-2	-8.318756E-3
3.292114E1	3.143588E-2	-7.985454E-3
3.293780E1	3.361255E-2	-8.434557E-3
3.295446E1	3.546125E-2	-7.997873E-3
3.297111E1	3.733588E-2	-8.241664E-3
3.298777E1	3.950426E-2	-8.129525E-3
3.300442E1	4.043905E-2	-7.732155E-3
3.302108E1	4.128905E-2	-7.777199E-3
3.303773E1	4.234238E-2	-8.224870E-3
3.305439E1	4.360526E-2	-8.099731E-3
3.307104E1	4.406964E-2	-7.937854E-3
3.308770E1	4.425720E-2	-7.905482E-3
3.310436E1	4.434467E-2	-7.868489E-3
3.312101E1	4.421051E-2	-7.958716E-3
3.313767E1	4.411603E-2	-7.980547E-3
3.315432E1	4.401663E-2	-8.035661E-3
3.317109E1	4.388230E-2	-8.024725E-3
3.318774E1	4.358650E-2	-8.128267E-3
3.320440E1	4.305183E-2	-8.244209E-3
3.322106E1	4.251743E-2	-8.231794E-3
3.323771E1	4.138365E-2	-7.840028E-3
3.325437E1	3.959826E-2	-7.966377E-3
3.327102E1	3.850117E-2	-8.338473E-3
3.328768E1	3.677490E-2	-8.019520E-3
3.330433E1	3.481875E-2	-8.353084E-3
3.332099E1	3.335769E-2	-8.747073E-3
3.333764E1	3.132304E-2	-8.325827E-3
3.335430E1	2.993582E-2	-8.687872E-3
3.337096E1	2.745566E-2	-8.332365E-3
3.338761E1	2.526758E-2	-8.854386E-3
3.340427E1	2.274195E-2	-8.617451E-3
3.342092E1	2.049390E-2	-9.061895E-3
3.343758E1	1.788981E-2	-8.828895E-3
3.345423E1	1.525687E-2	-8.798648E-3

